Calculating perchart and micro thresholds for validation data
Diff perchart thresholds: {u'Easy': 0.276151, u'Challenge': 0.069513254, u'Hard': 0.12166742, u'Medium': 0.21454099, u'Beginner': 0.30821773}
All perchart threshold: 0.213527292013
Diff_micro thresholds: {u'Easy': 0.28341997, u'Challenge': 0.061989788, u'Hard': 0.1133296, u'Medium': 0.18698506, u'Beginner': 0.3029143}
All micro thresholds: 0.155134633183
micro_xentropy_avg: 0.0866148024797
micro_pos_xentropy_avg: 2.30416727066
micro_auroc: 0.941565218942
micro_auprc: 0.585118572925
micro_fscore: 0.605299523714
micro_precision: 0.550920724857
micro_recall: 0.671588913037
micro_threshold: 0.163408637047
micro_accuracy: 0.97971598658
perchart_xentropy_avg: (0.08772443, 0.04934435, 0.03115971, 0.26974878)
perchart_pos_xentropy_avg: (2.1572287, 0.8562121, 0.8140562, 4.874673)
perchart_auroc: (0.9489090582132864, 0.07260131639438827, 0.6070715502160177, 0.9977852905229465)
perchart_auprc: (0.5940567228887661, 0.22905316290476838, 0.029461445573840464, 0.9179310545928414)
perchart_fscore: (0.632303007166505, 0.1649690813278618, 0.09660107334525939, 0.8909299655568311)
perchart_precision: (0.5880384288677655, 0.1950402334376994, 0.058695652173913045, 0.9045936395759717)
perchart_recall: (0.7187056578689897, 0.15212881402184406, 0.25301204819277107, 0.9748743718592965)
perchart_threshold: (0.20575032, 0.124860704, 0.012490699, 0.48269463)
perchart_accuracy: (0.9828344831501495, 0.012333629002077847, 0.9148441135411819, 0.9958837964062376)
perchart_perplexity: (1.0930543, 0.056247756, 1.0316503, 1.3096354)
perchart_density_rel: (1.3783500662202492, 0.6003160995954653, 0.6981132075471698, 4.646464646464646)
perchart_fscore_diff_perchart: (0.5978330150255812, 0.17529608614920514, 0.012578616352201259, 0.8842592592592593)
perchart_precision_diff_perchart: (0.5702880180333427, 0.21058169647958475, 0.016666666666666666, 0.9442508710801394)
perchart_recall_diff_perchart: (0.677494118290112, 0.1916738401048009, 0.010101010101010102, 0.9852941176470589)
perchart_threshold_diff_perchart: (0.21249516, 0.08525984, 0.069542654, 0.3210703)
perchart_fscore_all_perchart: (0.5703268203542393, 0.16417210723180992, 0.02197802197802198, 0.832116788321168)
perchart_precision_all_perchart: (0.5795527666753885, 0.2492252838359661, 0.017241379310344827, 0.9870967741935484)
perchart_recall_all_perchart: (0.6613513202222261, 0.19709997624406064, 0.030303030303030304, 0.9917355371900827)
perchart_threshold_all_perchart: (0.21473785, 0.001412264, 0.21353717, 0.22128636)
perchart_fscore_diff_micro: (0.5982985938667079, 0.1747633126625235, 0.012121212121212121, 0.8883774453394707)
perchart_precision_diff_micro: (0.5623160239400593, 0.20606299700222216, 0.015151515151515152, 0.9362416107382551)
perchart_recall_diff_micro: (0.6876952796504976, 0.19149856198863152, 0.010101010101010102, 0.9852941176470589)
perchart_threshold_diff_micro: (0.20388943, 0.08887026, 0.06198984, 0.31683576)
perchart_fscore_all_micro: (0.5733856013312342, 0.17257283810857757, 0.033426183844011144, 0.8592233009708737)
perchart_precision_all_micro: (0.5371945614905588, 0.24524439117564345, 0.023076923076923078, 0.9781553398058253)
perchart_recall_all_micro: (0.7305418877336394, 0.18459457786389388, 0.06060606060606061, 0.9917355371900827)
perchart_threshold_all_micro: (0.15614733, 0.0009415459, 0.15514489, 0.15908737)
COPY PASTA:
0.0866148,2.3041673,0.9415652189419782,0.5851185729248028,0.6052995237136916,0.550920724857129,0.6715889130370062,0.16340864,0.9797159865798281,0.08772443,0.04934435,0.03115971,0.26974878,2.1572287,0.8562121,0.8140562,4.874673,0.9489090582132864,0.07260131639438827,0.6070715502160177,0.9977852905229465,0.5940567228887661,0.22905316290476838,0.029461445573840464,0.9179310545928414,0.632303007166505,0.1649690813278618,0.09660107334525939,0.8909299655568311,0.5880384288677655,0.1950402334376994,0.058695652173913045,0.9045936395759717,0.7187056578689897,0.15212881402184406,0.25301204819277107,0.9748743718592965,0.20575032,0.124860704,0.012490699,0.48269463,0.9828344831501495,0.012333629002077847,0.9148441135411819,0.9958837964062376,1.0930543,0.056247756,1.0316503,1.3096354,1.3783500662202492,0.6003160995954653,0.6981132075471698,4.646464646464646,0.5978330150255812,0.17529608614920514,0.012578616352201259,0.8842592592592593,0.5702880180333427,0.21058169647958475,0.016666666666666666,0.9442508710801394,0.677494118290112,0.1916738401048009,0.010101010101010102,0.9852941176470589,0.21249516,0.08525984,0.069542654,0.3210703,0.5703268203542393,0.16417210723180992,0.02197802197802198,0.832116788321168,0.5795527666753885,0.2492252838359661,0.017241379310344827,0.9870967741935484,0.6613513202222261,0.19709997624406064,0.030303030303030304,0.9917355371900827,0.21473785,0.001412264,0.21353717,0.22128636,0.5982985938667079,0.1747633126625235,0.012121212121212121,0.8883774453394707,0.5623160239400593,0.20606299700222216,0.015151515151515152,0.9362416107382551,0.6876952796504976,0.19149856198863152,0.010101010101010102,0.9852941176470589,0.20388943,0.08887026,0.06198984,0.31683576,0.5733856013312342,0.17257283810857757,0.033426183844011144,0.8592233009708737,0.5371945614905588,0.24524439117564345,0.023076923076923078,0.9781553398058253,0.7305418877336394,0.18459457786389388,0.06060606060606061,0.9917355371900827,0.15614733,0.0009415459,0.15514489,0.15908737